31
27
28
43
39
24
10
43
10
43
143
47
100
101
202
209
231
9
106
114
100
100
101
143
112
101
202
114
113
102
101
113
101
101
114
113
102
114
143
100
106
106
209
231
9
100
114
143
100
106
114
100
101
106
112
101
202
114
113
102
101
114
113
102
114
100
101
106
113
102
114
100
101
106
114
102
103
101
46
49
43
102
21
43
10
43
143
202
231
9
43
100
106
209
231
9
106
114
100
100
101
143
112
101
202
115
101
114
113
101
101
113
102
101
214
113
102
101
21
43
10
46
45
43
202
231
9
43
100
106
209
231
9
106
114
100
100
101
143
112
101
202
115
101
114
103
100
101
100
101
100
100
101
113
102
101
214
113
102
101
21
43
202
214
100
102
21
43
10
202
214
113
102
101
21
43
10
202
214
113
102
101
39
6
46
45
43
6
43
6
43
143
6
43
143
8
10
46
45
10
202
231
9
106
231
9
100
103
102
100
101
231
9
207
114
100
101
114
100
101
106
202
114
101
114
111
114
100
101
100
101
106
116
111
114
100
103
100
101
100
101
100
100
101
100
101
114
101
100
101
114
101
114
100
101
106
214
116
111
114
100
103
100
101
100
101
100
100
101
100
101
100
101
116
111
114
100
103
100
101
100
101
100
100
101
100
101
100
101
112
106
8
10
46
45
10
46
45
10
46
45
202
231
9
106
231
9
106
231
9
106
207
114
114
100
100
101
103
102
100
101
114
100
100
101
103
102
100
101
202
205
114
100
103
100
101
100
101
100
100
101
100
103
100
101
100
101
100
100
101
202
114
103
100
101
100
101
100
100
101
100
103
100
101
100
101
100
100
101
112
101
202
114
103
100
101
100
101
100
100
101
100
103
100
101
100
101
100
100
101
112
101
112
101
207
114
100
100
101
103
102
100
101
202
114
103
100
101
100
101
100
100
101
100
103
100
101
100
101
100
100
101
112
101
112
101
207
114
100
100
101
103
102
100
101
202
114
103
100
101
100
101
100
100
101
100
103
100
101
100
101
100
100
101
112
101
112
101
8
10
46
45
10
46
45
202
231
9
100
103
102
100
101
205
114
100
101
106
202
214
103
100
101
103
102
100
101
100
106
100
114
100
101
106
103
102
100
101
100
106
100
114
100
101
106
103
100
101
103
102
100
101
100
114
100
101
106
103
102
100
101
100
114
100
101
106
103
100
101
103
102
100
101
100
106
100
114
100
101
106
103
102
100
101
100
114
100
101
106
103
100
101
8
10
46
45
202
231
9
46
45
103
100
101
103
100
101
128
46
45
103
101
128
46
45
103
101
8
202
231
9
46
45
100
103
100
100
119
106
106
106
106
106
103
100
101
101
209
231
9
106
114
100
100
101
103
102
100
101
112
101
202
103
103
101
46
100
101
100
103
101
100
101
100
100
101
100
101
100
109
103
101
46
100
101
100
101
46
214
106

