4444939
4445939
4446939
4447939
4448939
4449939
4454939
4464939
4474939
4484939
4494939
4495939
4496939
4497939
4498939
4499939
600000000000
600000000001
600000000002
600000000003
600000000004
600000000005
600000000006
600000000007
600000000008
600000000009
600000000010
600000000011
600000000012
600000000013
600000000014
600000000015
600000000016
600000000017
600000000018
600000000019
600000000020
600000000021
600000000022
600000000023
600000000024
600000000025
600000000026
600000000027
600000000028
600000000029
600000000030
600000000031
600000000032
600000000033
600000000034
600000000035
600000000036
600000000037
600000000038
600000000039
600000000040
600000000041
600000000042
600000000043
600000000044
600000000045
600000000046
600000000047
600000000048
600000000049
600000000050
600000000051
600000000052
600000000053
600000000054
600000000055
600000000056
600000000057
600000000058
600000000059
600000000060
600000000061
600000000062
600000000063
600000000064
600000000065
600000000066
600000000067
600000000068
600000000069
600000000070
600000000071
600000000072
600000000073
600000000074
600000000075
600000000076
600000000077
600000000078
600000000079
600000000080
600000000081
600000000082
600000000083
600000000084
600000000085
600000000086
600000000087
600000000088
600000000089
600000000090
600000000091
600000000092
600000000093
600000000094
600000000095
600000000096
600000000097
600000000098
600000000099
